716 949
962 1344 2637 3622 2172 3515 2300 1255 2338 2471 3918 1390 2164 2113 1427 2204 3943 1457 1850 3376 1436 3907 2993 1128 2239 3291 2869 1938 1816 3511 3974 1619 2430 1273 2949 1881 1136 1777 3103 1633 3045 949 3826 3940 3931 2806 3682 3770 1676 3749 1845 2310 3877 1487 2537 3478 3338 1118 2618 2240 1383 2769 3733 1250 3111 3206 1835 3244 2954 2510 1318 3735 2449 2283 3139 2778 3778 3246 2967 2818 3766 1114 2728 1204 3049 2937 1963 3625 2714 1307 3452 2445 2395 2202 3438 3870 2313 3151 1372 3142 3452 2977 3829 1368 1397 3209 1605 1326 1204 952 1630 1513 1341 2137 2097 963 3421 1715 2108 3345 3850 2674 3940 3684 2228 2938 2230 3311 1691 2913 2300 1233 1372 2391 2404 2493 2912 3229 2245 1021 2705 1806 3948 3038 2093 3013 2037 1204 2757 3371 2755 3547 3501 3244 3828 3533 2184 1638 3616 1532 1472 3051 2659 2679 1138 3910 1064 1680 2141 3324 2547 1980 1991 2383 3396 3544 2400 1701 3754 3167 2759 3558 2137 3604 1670 3365 2242 2768 1070 1536 3732 2457 2393 2534 1989 1018 3312 1239 2492 1343 3190 2443 2156 3463 3605 3424 2300 2235 3329 1332 2924 3595 2702 2569 1552 3489 3209 2562 2228 2485 2228 2142 2359 1210 3362 2453 3948 3160 3081 1640 1456 1342 3229 1608 3745 3909 1582 1781 3509 2431 1420 2278 3614 3532 3047 1853 3066 3945 2103 3506 3891 1821 2113 1331 1299 3791 3095 1765 1638 2601 3534 3553 3925 2415 2836 2071 2051 2198 2627 2838 1530 2433 2282 1076 1943 3443 1911 3637 2260 3149 2567 2193 3280 1811 2548 3536 3606 1208 972 3533 1874 3512 1085 1905 1756 1798 3991 3566 3145 2189 2502 3628 2752 1428 3692 1770 2882 2706 1230 3944 3982 3441 1395 2762 3654 3351 3281 3832 2864 3642 2903 3791 1370 2675 1893 2754 1550 2095 1072 1962 3422 3675 3535 1668 3109 3919 1215 3824 1625 2070 1819 2459 2969 2730 3265 1734 1527 2028 3147 2444 1018 1331 3546 2202 3050 3538 3784 3149 1930 3162 1759 990 1397 2267 3428 3389 1056 3117 2990 2827 3113 1097 2405 3125 3289 3146 3375 2829 3143 2854 3526 2329 1282 1927 2768 2326 2015 3631 3815 972 1022 3745 1152 2254 1544 962 1753 3787 1950 1524 1010 3496 3835 3280 1690 1596 3141 3478 3153 3089 2045 3106 2433 1940 1925 3112 3664 3455 3807 976 989 1821 3693 1515 1045 2225 3478 1809 1188 1220 2467 1493 1773 2821 2672 3289 2997 1088 3422 3626 2746 2183 2045 2862 1497 1480 2304 2652 1595 3358 3085 2648 3782 3532 2325 2249 2778 2834 2098 3265 2814 3207 3977 2035 1081 2625 2603 3117 1938 1632 2918 3724 3565 1329 2913 1804 3980 2520 2605 2739 1071 2627 1377 2302 2833 3925 3673 3034 1536 1338 2171 1345 2238 1239 3051 1318 2386 2952 2483 3820 2739 1143 1886 2916 3142 3107 3456 3410 1240 2246 1966 2426 1953 3116 1864 1015 2150 2942 1453 2384 3976 1438 2146 1018 3871 3451 3802 1077 2739 2916 1427 2969 3782 1255 1315 1191 3739 1178 2262 2726 3919 3982 1109 2012 1310 1757 2271 3454 2541 3290 1159 3145 2226 3830 3528 3765 1552 3437 1802 2851 1902 3954 1782 2578 1915 2374 1011 3174 2626 2987 1232 1305 2164 2855 2014 3814 2176 2203 3679 2923 3588 3657 2391 2944 3142 2892 1706 2188 3764 2693 1768 1975 2743 3457 3743 3163 2349 3232 3028 979 1755 1554 2129 3428 1162 2514 1707 2810 2636 1316 2764 3055 2822 2352 2338 2745 2393 3294 3526 1947 3116 2405 2078 3544 3554 1892 2339 2524 3877 3558 1338 2117 3941 3129 1719 3325 2193 3754 1964 3939 2035 1152 3670 3348 1593 1272 2247 1914 1997 3032 1565 2340 1675 1392 2586 2850 2416 1759 1720 1558 3327 1141 3814 2187 3727 1662 2321 3982 2496 1988 1432 995 1329 3718 3149 2012 3390 1132 2475 2547 3800 1624 3507 1251 3097 3665 1009 1830 2643 1106 2732 991 1448 2129 2895 2745 2920 3534 3976 2696 2505 3967 2362 3256 1622 983 2647 3942 3405 3271 3272 2327 3999 3386 2921 3912
2 500
1 408
3 445
1 389
1 680
1 548
3 229
2 512
3 212
3 671
3 209
3 305
3 505
1 266
2 309
3 86
3 575
1 595
2 695
2 200
3 245
2 691
2 219
2 59
2 187
2 119
1 219
2 66
2 156
1 61
3 636
2 410
2 507
2 144
1 622
3 478
1 689
3 423
3 56
1 615
2 582
2 691
3 566
1 227
1 444
2 388
1 30
2 204
2 651
3 192
1 542
1 475
3 86
2 275
2 651
3 575
1 197
2 503
2 93
2 151
3 235
2 387
2 368
2 451
1 217
3 270
2 681
1 549
1 192
3 248
3 546
2 392
3 488
3 120
2 665
3 675
2 271
3 175
2 390
2 28
1 306
1 673
1 528
3 677
2 570
1 422
3 394
3 153
3 530
1 700
1 278
1 15
3 526
2 410
1 261
3 350
3 712
1 663
3 565
3 507
1 22
1 474
1 201
2 511
2 555
2 16
3 556
3 200
3 524
2 642
3 460
1 549
1 571
3 556
3 479
3 577
2 605
1 624
2 185
3 571
1 72
1 474
3 485
1 662
2 501
1 209
3 127
3 220
3 183
2 66
3 17
2 586
1 624
3 165
1 222
1 614
2 135
2 18
3 47
3 680
1 523
3 447
3 222
3 108
1 519
1 375
2 184
3 520
1 28
1 269
3 387
1 354
1 211
1 663
3 173
2 498
2 706
2 505
3 612
2 267
1 210
2 420
3 370
2 493
1 622
3 207
3 231
1 212
2 216
2 444
3 329
1 683
2 103
1 131
1 524
2 366
1 397
1 372
1 66
3 423
2 611
3 647
2 206
2 567
3 387
2 319
2 234
2 372
3 688
3 237
2 36
2 635
3 409
3 301
3 76
3 61
3 544
2 403
1 106
3 82
1 69
2 362
2 621
3 630
1 201
3 506
1 465
2 206
1 622
1 568
3 710
2 287
1 287
3 620
1 170
3 243
1 57
1 286
1 608
3 13
2 282
3 307
2 268
3 293
2 231
3 482
3 513
2 12
1 575
2 246
3 495
3 528
2 81
2 90
2 436
2 497
1 459
1 171
1 172
3 568
2 543
3 453
1 218
1 244
3 279
2 299
2 189
1 87
3 81
1 448
3 627
3 564
2 227
3 135
1 644
2 338
3 544
3 215
2 532
2 605
1 429
2 588
2 445
2 183
1 627
2 360
2 438
1 293
1 652
2 16
2 545
2 634
2 67
1 635
2 285
1 577
3 235
2 543
1 401
3 601
2 251
2 112
1 101
2 31
3 168
3 288
2 598
1 204
2 366
1 4
3 196
3 389
3 241
3 428
2 135
2 614
1 441
1 574
3 314
1 164
2 276
2 593
3 658
1 103
3 387
1 642
3 686
3 675
3 543
3 29
1 652
2 206
2 391
3 16
3 241
2 231
3 333
2 531
2 601
1 700
3 298
2 248
2 639
1 381
3 575
1 12
2 392
2 498
3 699
3 502
1 564
2 653
3 237
3 193
3 74
3 39
3 316
3 95
1 404
2 89
3 49
3 413
3 571
2 422
3 241
2 133
3 225
3 325
3 25
1 390
1 281
2 442
2 32
3 532
1 212
1 164
3 496
3 490
3 247
3 363
3 631
2 83
1 234
3 313
3 55
2 114
3 16
2 245
1 178
1 206
1 489
1 73
1 496
1 98
3 608
2 632
3 392
3 715
1 488
3 576
1 592
3 125
1 494
3 32
3 634
2 180
1 85
2 255
1 142
1 286
3 54
1 444
1 21
1 444
1 108
3 642
1 287
2 687
2 191
2 117
2 352
2 363
1 671
2 702
1 46
3 576
1 326
3 72
2 658
3 94
1 703
2 23
2 411
1 148
2 61
3 410
2 189
3 555
1 593
3 697
1 346
1 298
1 224
1 201
2 434
3 466
3 654
2 658
1 419
3 639
2 65
2 387
3 348
1 712
1 585
1 107
1 123
1 97
1 154
3 563
2 376
2 647
1 9
2 370
2 296
1 167
3 53
3 236
3 246
1 142
3 14
1 438
2 567
3 260
3 603
2 494
3 497
1 124
3 530
2 652
3 368
2 61
2 522
3 212
3 626
3 601
3 376
1 294
1 240
1 209
3 648
3 75
2 85
3 612
3 691
3 256
2 440
2 709
1 266
2 485
2 31
1 134
2 598
1 550
1 265
2 320
1 522
1 139
1 520
2 421
3 335
2 394
2 183
2 504
1 380
3 95
1 507
3 87
3 367
2 250
2 633
3 646
1 186
3 323
2 47
1 404
2 504
3 443
3 36
2 168
1 123
2 369
3 261
3 575
1 650
1 164
1 134
2 54
3 543
1 653
2 381
2 459
3 123
2 469
2 310
1 283
3 330
1 493
3 92
1 535
1 453
3 614
1 37
3 385
1 209
2 175
3 191
2 349
2 100
3 123
2 640
2 666
3 171
3 607
1 110
2 33
2 494
2 196
2 104
2 143
2 514
3 94
3 68
2 604
3 483
2 510
3 121
3 470
3 627
1 615
1 712
3 476
2 54
2 338
3 93
3 233
2 93
1 20
2 194
2 226
2 297
3 161
2 306
2 635
2 581
2 618
2 199
2 531
3 691
2 466
2 353
3 71
2 343
1 189
2 645
2 603
1 292
2 540
2 642
3 631
1 620
3 168
3 380
2 586
1 2
2 134
2 53
1 633
1 661
3 241
2 593
2 209
1 72
1 407
1 489
1 43
3 250
1 663
2 268
1 9
1 265
1 568
3 599
1 685
1 422
1 418
1 393
1 707
3 402
2 21
1 334
1 277
2 392
1 626
1 245
3 663
1 285
3 104
1 291
2 103
2 383
1 690
1 131
2 22
2 227
3 472
3 526
3 692
2 256
3 465
1 274
1 518
1 294
1 196
3 526
2 631
2 235
3 239
1 458
1 74
2 625
1 554
1 242
3 202
1 259
2 350
3 673
2 548
3 481
1 224
3 662
2 187
3 124
1 687
1 292
1 18
2 396
2 234
1 38
2 637
2 407
1 30
3 203
2 159
1 362
1 498
1 207
1 235
3 639
1 228
1 125
1 537
3 372
3 97
3 234
2 531
2 140
1 125
2 428
3 529
2 703
3 333
2 443
2 127
1 294
3 386
3 321
1 68
2 520
1 432
3 627
1 260
3 306
1 630
1 480
3 598
3 489
3 710
2 602
1 42
1 510
2 411
1 105
1 261
1 132
1 179
2 153
3 669
1 459
2 650
2 541
1 342
1 266
2 267
3 192
3 301
3 554
1 226
1 302
2 609
2 123
2 539
3 301
3 311
3 635
3 347
1 279
1 40
1 9
2 697
3 193
3 558
2 461
3 568
1 65
2 460
3 485
3 562
1 122
2 408
2 181
1 620
1 408
1 511
3 327
2 640
3 235
1 450
1 296
2 339
3 372
1 145
2 563
2 366
2 483
1 36
3 122
3 149
3 327
3 42
2 11
1 37
1 359
1 502
2 463
2 467
1 538
1 34
2 707
2 311
3 324
3 650
3 213
1 293
3 608
1 500
2 175
2 349
1 80
3 58
1 448
1 649
2 636
1 302
2 559
2 414
3 239
1 164
1 95
1 678
2 115
2 421
1 642
1 121
3 603
1 151
2 452
3 593
2 101
3 654
3 123
1 417
2 528
1 249
2 443
3 206
3 667
3 328
2 71
2 180
1 708
2 629
3 238
1 228
1 150
1 86
2 561
2 548
1 415
2 354
2 156
2 181
2 544
3 227
1 404
1 413
3 326
1 117
1 329
1 127
2 373
3 364
2 236
3 60
1 591
1 321
1 289
3 555
1 699
2 51
3 75
2 469
2 697
3 611
2 22
2 468
2 618
3 107
2 664
3 706
1 481
1 19
3 624
3 135
3 403
1 530
3 653
3 585
3 258
1 432
2 452
3 177
3 600
3 127
2 190
1 55
1 700
3 657
2 453
1 191
2 331
3 183
2 680
1 548
2 630
2 589
2 301
1 514
3 113
1 163
3 698
1 75
1 505
3 457
2 432
2 578
3 455
2 636
1 89
3 544
3 167
1 657
2 362
3 523
2 609
1 698
2 455
1 541
3 528
2 539
1 485
3 170
3 540
3 36
3 715
3 76
2 700
2 105
3 74
1 141
3 358
1 202
2 558
1 341
2 465
3 431
2 596
2 65
1 470
3 160
3 210
1 429
2 76
3 63
3 391
3 569
2 548
3 32
2 295
3 546
2 473
3 425
3 465
1 459
3 669
1 482
1 56
2 609
2 238
